-4000    0   30   80 -3000    0   30   80
-3000    0   51  102 -2000    0   51  102
-2000    0  102  153 -1000    0  102  153
-1000    0  153  205  -500    0  153  205
 -500  100  200  255  -200  100  200  255
 -200  198  236  255     0  198  236  255    0  127  159  101    72  130  176  112
   72  130  176  112   142  160  194  124
  142  160  194  124   214  185  214  124
  214  185  214  124   285  207  224  156
  285  207  224  156   357  223  233  168
  357  223  233  168   429  241  238  166
  429  241  238  166   500  237  223  159
  500  237  223  159   572  240  210  141
  572  240  210  141   644  230  188  138
  644  230  188  138   714  216  165  133
  714  216  165  133   786  197  149  135
  786  197  149  135   856  217  165  156
  856  217  165  156   928  227  183  177
  928  227  183  177  1000  223  192  191
 1000  223  192  191  1071  239  205  217
 1071  239  205  217  1143  244  215  225
 1143  244  215  225  1215  243  223  233
 1215  243  223  233  1286  248  227  232
 1286  248  227  232  1358  248  233  238
 1358  248  233  238  1428  246  240  245
 1428  246  240  245  1500  255  255  255